16397.0,18398.0,14703.0,15792.0,16494.0,17824.0,15631.0,9727.0,14581.0,13894.0,8715.0,16853.0,15528.0,8529.0,17123.0,14663.0,11508.0,8834.0,18725.0,17241.0,9854.0,13178.0,14973.0,13047.0,10223.0,14534.0,
15984.0,11383.0,13761.0,17281.0,17722.0,9586.0,15877.0,12329.0,15862.0,9996.0,11290.0,10715.0,13875.0,9677.0,19927.0,12083.0,19489.0,12637.5,9387.0,8480.0,17360.0,18898.0,10009.0,13137.0,16265.0,15215.0,16733.0,13330.0,18125.0,9197.0,15756.0,17836.0,16288.0,19956.0,18562.0,18770.0,18582.5,18395.0,13512.0,9087.0,13784.0,15919.0,13490.0,
17272.0,18525.0,10040.0,16518.0,18255.0,15280.0,10650.0,14601.0,18552.0,15292.0,8031.0,13428.0,15564.0,
15016.0,12262.0,17486.0,18955.0,11590.0,8521.0,11003.0,11864.0,14511.0,7800.5,14122.0,17539.0,19221.0,19800.0,10471.0,12822.0,15173.0,15737.0,16301.0,14383.0,12465.0,9693.0,12930.0,10883.0,12848.0,19153.0,19826.0,16400.0,16685.0,11270.0,13779.0,19517.0,
13945.0,12002.0,8438.0,18542.0,10593.0,13430.0,10853.0,16595.0,10621.0,18193.0,9510.0,9993.0,9048.0,11879.0,16497.0,9058.0,8469.0,14052.0,13102.0,7747.0,8377.0,10744.0,9300.0,7856.0,12318.0,17980.0,18026.0,10609.0,15351.0,12981.0,14571.0,
10327.0,14744.0,19252.0,11838.0,9247.0,11920.0,10357.0,9615.0,11785.0,12080.0,16374.0,10452.0,18939.0,11622.0,13633.0,19186.0,14685.0,11057.0,19392.0,10777.0,14191.0,13908.0,12813.0,12285.0,9721.0,15880.0,10703.0,17140.0,19379.0,12215.0,16408.0,13255.0,9633.0,19431.0,15445.0,8490.0,18386.0,8839.0,12134.0,
19136.0,18031.0,15562.0,16842.0,14345.0,12320.0,16293.0,12889.0,17308.0,11072.0,9317.0,9901.0,14149.0,19566.0,18559.0,15085.0,9349.0,13276.0,15025.0,15538.0,
17378.0,9879.0,17042.0,8054.0,19660.0,14259.0,16003.0,15874.0,18825.0,9196.0,14541.0,19718.0,17900.0,11037.0,18939.0,9408.0,16335.0,17729.0,11080.0,13417.0,8927.0,11921.5,14916.0,16114.0,14857.0,17635.0,11062.0,17691.0,9031.0,13407.0,16271.5,19136.0,9137.0,15980.0,14742.0,
19260.0,11985.0,15416.0,13765.0,18165.0,12408.0,19889.0,19767.0,8930.0,15833.0,14191.0,16213.5,18236.0,14400.0,8277.0,7799.0,8003.0,13098.0,15471.0,12902.0,8581.0,16518.0,13068.0,11721.0,12253.0,12785.0,12888.0,11964.0,19305.0,13128.0,9018.0,17888.0,15465.0,8763.0,11147.0,16607.0,
11870.0,13786.0,12271.0,19652.0,14267.0,13460.0,18558.0,12909.0,19546.0,19230.0,15821.0,16203.0,14503.0,13615.0,8058.0,13648.0,
13142.0,8050.0,8449.0,9660.0,11949.0,8040.0,17257.0,17324.0,16192.0,16379.0,11014.0,10950.0,19818.0,16665.0,11570.0,19140.0,12518.0,8090.0,9211.0,19908.0,17399.0,13527.0,15153.0,12988.0,15891.0,17833.0,17265.0,15178.0,11934.0,10086.0,9965.0,12313.0,15532.0,11035.0,14276.0,18752.0,9979.0,14123.5,18268.0,10135.5,18684.0,15788.0,10694.0,16687.0,9485.0,7844.0,13797.0,7956.0,11871.0,
8415.0,10439.0,19695.0,13709.0,16900.0,12754.0,9933.0,10040.0,13158.0,10927.0,12147.0,18130.0,10223.0,10051.0,17994.0,8037.0,18241.0,15291.0,19575.0,19319.0,12242.0,9380.0,15315.0,12582.0,8922.0,11190.0,8616.0,7760.0,10138.0,
10341.0,12866.0,10517.0,10783.0,10923.0,11133.0,11262.0,18740.0,12985.0,14619.0,15246.0,11313.0,12668.0,18613.0,8994.0,16884.0,12664.0,17445.0,7875.0,8092.0,11684.0,9123.0,18195.0,
14421.0,9337.0,16026.0,19293.0,10526.0,17899.0,13096.0,19819.0,10437.0,8056.0,10172.0,18368.0,11207.0,9406.0,18376.0,13433.0,9081.0,16208.0,7860.0,11850.0,16038.0,16202.0,10041.0,
19803.0,12571.0,18431.0,10868.0,16962.0,11419.0,14730.0,17646.0,11203.0,18338.0,14971.0,15226.0,16681.0,10824.0,13968.0,19108.0,15734.0,8528.0,15778.0,13280.0,19706.0,17220.0,8346.0,12021.0,18385.0,10065.0,19940.0,11421.0,15074.0,18731.0,17552.0,19409.0,11526.0,
8259.0,10459.0,17578.0,15134.0,19782.0,8008.0,11872.0,14074.0,9381.0,15523.0,11503.0,11685.0,17242.0,19365.0,18944.0,18780.0,16523.5,14267.0,12790.0,15947.0,17403.0,
8791.0,7875.0,10657.0,8734.0,11788.0,11809.0,12528.0,14423.0,19614.0,16661.0,15667.0,9541.0,17820.0,11747.0,9639.0,16244.0,8361.0,9783.0,11258.0,12733.0,15516.0,17704.0,16487.0,13521.0,19142.0,15349.0,16139.0,8383.0,18133.0,13500.0,8867.0,9234.0,9701.0,14957.0,10713.0,16842.0,18758.0,8938.0,12423.0,18424.0,11860.0,17581.0,8945.0,12951.0,18779.0,9441.0,11119.0,14213.0,16021.0,12473.0,11270.0,9971.0,
16223.0,9398.0,19920.0,14178.0,11889.0,7826.0,14026.0,13793.0,19026.0,19304.0,9548.0,11582.0,9148.0,10697.0,12246.0,9689.0,13656.0,10259.0,8473.0,17911.0,18174.0,16681.0,9159.0,16957.0,19281.0,19415.0,16611.0,16141.0,8637.0,16644.0,
14071.0,16409.0,14895.0,10751.0,19758.0,18769.0,19806.0,19062.0,9388.0,11289.0,9828.0,12739.0,10306.5,7874.0,18120.0,10725.0,13116.0,12983.0,16618.0,10285.0,18911.0,16337.0,14155.0,10682.0,11381.0,12080.0,10920.0,9879.0,11490.0,14316.0,17142.0,9000.0,8278.0,15282.0,11802.0,11432.0,11705.0,19688.0,9423.0,12032.0,
12350.0,8537.0,8152.0,15645.0,18663.0,14088.0,8420.0,11758.0,9092.0,14120.0,12670.0,13819.0,18172.0,15776.0,13502.0,13714.0,8536.0,19022.0,10760.0,8733.0,12387.0,11109.5,9832.0,16702.0,14461.0,9781.0,18816.0,19200.0,17333.0,12567.0,19418.0,
9149.0,10136.0,13346.0,8218.0,16050.0,13162.5,10275.0,16739.0,17449.0,12861.0,18490.0,11851.0,13766.0,19257.0,17397.0,19427.0,13231.0,19869.0,14703.0,12318.0,8641.0,7942.0,10549.5,14212.0,8402.0,10169.0,19812.0,18544.0,16364.0,12553.0,12190.0,13389.0,
14429.0,12081.0,14987.0,14210.0,9149.0,19697.0,16756.0,14287.0,11818.0,8098.0,15510.0,18702.0,8088.0,13847.0,11652.0,13271.0,17692.0,8108.0,
13699.0,15345.0,10461.0,9654.0,16763.0,9086.0,8343.0,10076.0,17531.0,16555.0,12481.0,12597.0,16580.0,15099.5,13619.0,14447.0,14119.0,9564.0,15169.0,19491.0,
8338.0,19635.0,18207.0,12855.0,15363.0,15699.0,14399.0,17097.0,12394.0,12113.0,14376.0,11848.0,15048.0,16444.0,9120.0,10859.0,11534.0,14542.0,8272.0,8846.0,19842.0,18985.0,18488.0,
16214.0,19751.0,8274.0,11723.0,17844.0,14472.0,12198.0,10819.0,18517.0,17575.0,14596.0,11617.0,18314.0,11980.0,19340.0,19619.0,15156.0,15996.0,16448.0,10130.0,16019.0,8157.0,18229.0,16069.0,18127.0,8281.0,15503.0,
15576.0,7776.0,8618.0,12155.0,14719.0,17283.0,14413.0,18083.0,14160.0,14246.0,12603.0,13520.0,14811.0,16242.0,8970.0,17688.0,10305.0,15174.0,7763.0,9353.0,18664.0,17539.5,16415.0,15460.0,14505.0,13602.0,12722.0,13647.0,10067.0,8467.0,11370.0,10054.0,14395.0,8054.0,12259.0,9190.0,19498.0,
17430.0,11266.0,12406.0,16143.0,10508.0,15642.0,16752.0,12022.0,11010.0,9998.0,13323.0,18830.0,9239.0,13042.0,15588.0,18385.0,18585.0,
17007.0,14731.0,17938.0,9669.0,19340.0,8585.0,11950.0,14438.0,17090.0,11067.0,15478.0,13384.0,19243.0,14905.0,18108.0,18721.0,16124.0,16883.0,18203.0,19523.0,18138.0,10381.0,9600.0,11967.0,16546.0,18268.0,13093.0,8798.0,7798.5,11084.5,15370.0,9394.0,17940.0,
14949.0,8572.0,19455.0,12013.0,15222.0,8173.0,9570.0,19310.0,9031.0,9084.0,15826.0,10500.0,10536.0,15898.0,14759.0,17782.0,16170.0,11752.0,15100.0,12469.0,8658.0,19143.0,9749.0,12204.0,13842.0,8725.0,15891.0,16807.0,11335.0,18130.0,19659.0,19175.0,9803.0,15093.0,8693.0,11709.0,8673.0,17168.0,11813.0,8800.0,15957.0,11360.0,13297.0,16486.5,19676.0,17450.0,10501.0,11265.0,18877.0,
9173.0,18535.0,9577.0,12800.0,9512.0,16440.0,14955.0,12952.0,10025.0,14640.0,15935.0,12182.0,13080.0,18448.0,14979.0,9430.0,7881.0,10381.0,16705.0,15036.0,13064.0,19130.0,7752.0,19787.0,13260.0,18210.0,13514.0,11256.0,19444.0,13686.0,17851.0,17983.0,
17761.0,12133.0,9674.0,13326.0,8521.0,9794.0,10948.0,14938.0,14469.0,13460.0,14508.5,15557.0,16558.5,17560.0,19954.0,19935.0,14952.0,17309.0,13089.0,12667.0,19854.0,19377.0,15897.5,12418.0,19847.0,9338.0,17017.0,16472.0,12415.0,14579.0,9716.0,14707.0,18226.0,16275.0,15817.5,15360.0,13469.0,17015.0,14246.0,15253.0,17466.0,10416.0,15059.0,19835.0,9404.0,14839.0,18336.0,18057.0,
19557.0,16330.0,16556.0,17370.0,16205.0,15542.0,8418.5,14127.0,18849.0,15881.0,10365.0,13638.0,8478.0,14286.0,16580.0,18997.0,12965.5,10251.0,9010.0,7769.0,8009.0,8929.0,8858.0,12719.0,14377.5,16036.0,8840.5,10969.0,12087.0,19323.0,15451.0,16196.0,15085.0,8195.0,15662.0,8719.0,13264.0,14477.0,16459.5,18442.0,10735.0,18742.0,15499.0,
12439.0,12667.0,15658.0,13868.0,15720.0,16544.0,16443.0,18706.0,10489.0,18860.0,17130.0,15309.0,19503.0,18781.0,14207.0,8288.0,9076.0,18574.0,7773.5,8996.0,9993.0,15800.0,9717.0,19153.0,18212.5,17272.0,13211.0,13222.0,8190.0,18772.0,16559.0,9432.0,8305.0,14628.0,15001.0,10524.0,11553.5,17357.0,10815.0,11505.0,7810.0,
19800.0,13590.0,11623.0,8560.0,8329.0,17058.0,18273.0,19032.0,18098.0,11149.0,12325.0,10446.0,10147.5,9849.0,9474.0,8202.0,18336.0,11136.0,8502.0,15199.0,18114.0,10656.0,11476.5,12297.0,10727.0,12207.0,14190.0,18657.0,13865.0,9577.0,12061.0,15647.0,15110.0,8392.0,9388.0,10818.0,15018.0,19843.0,13785.0,9951.0,15566.0,13906.0,7967.0,19246.0,17180.0,10169.0,
10143.0,13119.0,14044.0,17729.0,11460.0,17827.0,8182.0,10641.0,14885.0,17207.0,10969.0,9984.0,12367.0,15760.0,15363.0,16954.0,8807.0,17714.0,14803.0,7975.0,11427.0,15698.0,16677.0,10079.0,18123.0,13309.0,8374.0,17629.0,17890.0,11455.0,11921.0,13970.0,8404.0,13290.0,10313.0,19112.0,11089.0,18629.0,7858.0,13063.0,
11148.0,13694.0,13615.0,17418.0,13459.0,11894.0,12897.0,17425.0,11411.0,12390.0,18782.0,18413.0,16851.5,15290.0,15955.0,8197.0,18254.0,19375.0,19415.0,19455.0,13812.0,16002.0,17009.0,10625.0,10597.0,18972.0,15821.0,18497.0,19646.0,16109.0,17652.0,8467.0,8057.0,12106.5,18351.0,17160.0,18465.0,15236.0,12007.0,12424.5,12842.0,17982.0,14569.0,11832.0,
17728.0,9725.0,19536.0,10406.0,9111.0,9525.0,17365.0,17048.0,16731.0,16818.0,8565.0,8961.0,9357.0,14818.0,17232.0,15463.0,18054.0,19881.0,19161.0,14357.0,10886.0,18418.0,13828.0,17804.0,12026.0,8713.0,14249.0,16338.0,16705.0,12007.5,10598.5,13887.0,16615.0,12399.0,13580.0,17741.0,8144.0,15399.0,16669.0,8493.0,
14240.0,13036.0,10791.0,14023.0,10208.0,9210.0,12748.0,12547.0,14614.0,19169.0,15920.0,17597.0,12406.0,16613.0,17614.0,10975.0,8692.0,9838.0,9530.0,14386.0,15450.0,15757.0,16064.0,16544.0,16693.0,9333.0,
8791.0,15286.0,8002.0,14991.0,9796.0,11929.0,8317.0,17961.0,13053.0,11644.0,9330.5,16911.0,17218.5,17526.0,12230.0,8419.0,16243.0,10484.5,15717.0,14038.0,9897.0,12150.0,
11459.0,11882.0,16766.0,12705.0,15015.0,16005.0,13466.0,10286.0,11352.0,11225.0,17059.0,11761.0,15072.0,12554.0,10062.0,19066.0,
14185.0,18622.0,15281.0,14048.0,17840.0,9243.0,15404.0,19893.0,9048.0,12976.0,19160.0,16647.0,17402.0,16539.0,12706.0,12759.0,11376.5,9994.0,19926.0,18137.0,16348.0,16915.0,11472.0,18191.0,12839.0,16411.0,9967.0,19912.0,18729.0,8026.0,18903.0,11850.0,16876.0,19950.0,9497.0,16012.0,15949.0,11123.0,17544.0,10182.0,10773.0,19192.0,
19472.0,18915.0,17023.0,9832.0,7778.0,18022.0,13670.0,8884.0,12822.0,18500.0,10932.0,18525.0,18893.0,9978.0,17800.0,13683.0,10443.0,13540.0,9800.0,17670.0,13777.0,11005.0,8168.0,8099.0,12101.0,12824.0,15206.0,14558.0,7841.0,13637.0,7776.0,9703.0,10118.0,8528.5,15686.0,18978.0,10522.0,11176.0,11830.0,13308.0,11357.0,13576.0,16933.0,16890.0,12425.0,
11532.0,13180.0,8372.0,13674.0,9046.0,15901.0,18971.0,17407.0,9934.5,12279.0,19120.0,8406.0,13372.0,15339.0,17572.0,15873.0,16547.0,10767.0,10251.0,18982.0,19522.0,7766.0,19923.0,12348.0,9056.0,14255.0,11052.0,11063.0,13664.0,10709.0,17964.0,12682.0,14676.0,19526.0,15188.0,
8284.0,19398.0,18376.0,12749.0,9286.0,17941.0,13518.0,19101.0,11916.0,13554.0,14988.0,11659.0,13029.0,11024.0,19825.0,12116.5,18233.0,13375.0,10284.0,10359.0,14886.0,11946.0,19645.0,13105.0,19273.0,10597.0,15383.0,10887.0,19840.0,13433.0,11389.0,15238.0,13536.0,11834.0,18126.0,14425.0,14547.0,18210.0,13663.0,
9688.0,17871.0,14374.0,11271.0,12535.0,10735.0,13297.0,12522.0,14635.0,13859.0,16638.0,11754.0,11889.0,13792.0,15529.5,17267.0,14583.0,13772.0,12961.0,12766.0,14649.0,8545.0,13884.0,12085.0,16869.0,16658.0,8408.0,14443.0,17187.0,8920.0,17191.0,15173.0,7869.0,12717.0,12470.0,14648.0,14746.0,15314.0,13074.0,
15025.0,8233.0,16189.0,12405.0,18279.0,13046.0,15168.0,17978.0,19968.0,8882.0,16670.0,9930.0,17687.0,8175.0,10914.0,9809.5,8705.0,11240.0,14894.0,15728.0,8183.5,16594.0,14671.0,10994.0,8259.0,9919.0,
10589.0,8895.0,14622.0,16088.0,16454.0,8836.0,13698.0,13540.0,12556.0,9431.0,9976.5,10522.0,8445.0,10810.0,8544.0,12061.0,13266.0,15729.0,15961.5,16194.0,19735.0,10489.5,9280.0,13522.0,8139.0,18463.0,10290.0,12962.0,9736.0,9264.0,8196.0,11875.0,16144.0,10470.0,12660.0,13764.0,14977.0,18250.0,10522.0,11007.0,17923.0,
14283.0,18878.0,11277.0,19557.0,17687.0,16229.0,13396.0,15081.0,12071.0,14714.0,11528.0,11388.0,8589.0,15039.0,16539.0,15947.0,13291.0,10635.0,8906.0,16421.0,13739.0,9230.0,9291.0,11802.0,8812.0,13628.0,17144.0,10043.0,10764.0,11485.0,9258.0,11986.0,12794.0,18275.0,11432.0,19295.0,
17285.0,16687.0,7829.0,14577.0,11766.0,19985.0,9372.0,8924.0,8095.0,18225.0,17424.0,17044.0,16451.0,15350.0,
9026.0,18170.0,13988.0,11672.0,9804.0,19693.0,8943.0,12783.0,9230.0,10689.0,12045.0,18791.0,9030.0,
16838.0,16796.0,15349.0,8483.0,14538.0,16912.0,16613.0,17338.0,15845.0,16913.0,9679.0,10505.0,16283.0,7808.0,19629.0,17581.0,12176.0,8364.0,15548.0,15139.0,8453.0,12475.5,16498.0,9597.0,16416.0,10119.0,15622.0,12363.0,15441.0,13889.0,16156.0,15927.0,19834.0,16791.0,14089.0,13933.0,17993.0,15840.0,14094.0,12348.0,13425.0,11561.0,13542.0,17562.0,13194.0,14759.0,16324.0,13675.0,19226.0,16201.0,14321.0,
16898.0,11330.0,17666.0,15785.0,18415.0,19583.0,10770.0,15856.0,16851.0,11895.0,15255.0,9775.0,9993.0,8321.0,10135.0,18407.0,13200.0,18551.0,9068.0,11113.0,13158.0,12390.0,13565.0,14504.0,10292.0,16871.0,17483.0,8847.0,
17132.0,18890.0,15848.0,11082.0,9162.0,14834.0,17423.0,15406.0,12955.0,16333.0,10957.0,8900.0,18460.0,10748.0,13214.0,15680.0,8119.0,13464.0,16921.0,15988.0,10513.0,10027.0,19244.0,11445.0,12657.5,13870.0,12583.0,11071.0,17989.0,7824.0,18305.0,10326.0,12850.0,16177.0,9012.0,9985.0,9472.0,16331.0,10646.0,14101.0,7766.0,19516.0,19859.0,11726.0,14219.0,15668.0,18697.0,18250.0,17744.0,12876.0,
17590.0,9604.0,19757.0,9386.0,13925.0,12318.0,10097.0,11030.0,11817.0,12424.0,10272.0,18299.0,8454.0,19221.0,15699.0,10731.0,17046.0,18593.0,14138.0,17787.0,9501.0,13784.0,9097.0,8424.0,14650.0,12038.0,9399.0,14771.0,10427.0,9954.0,17857.0,16876.0,11274.0,14598.0,13307.0,10509.0,17381.0,15152.0,15436.0,11207.0,8056.0,13503.0,
12913.0,11466.0,13581.0,8357.0,8873.0,16149.0,9042.0,9029.0,7824.0,9216.0,13400.0,13475.0,18254.0,9011.0,9439.0,7753.0,13037.0,14171.0,15768.0,8732.0,13770.0,19503.0,9967.0,18806.0,12786.0,18191.0,7810.0,11687.5,15565.0,16348.0,8443.0,19746.0,19204.0,18976.0,12441.0,9466.0,19370.0,12184.0,14806.0,17428.0,12667.0,
13602.0,19097.0,12608.0,15089.0,11446.0,8001.0,12795.0,15686.0,14984.0,12428.0,13154.0,7922.5,19477.0,14442.0,11901.0,18261.0,16090.0,9084.0,14439.0,16501.0,19598.0,14311.0,8935.0,7870.5,12980.0,19658.0,18278.0,9536.0,11829.0,14122.0,14163.0,11666.0,11080.0,16473.0,14852.5,13232.0,15653.0,11754.0,
15553.0,11644.0,15493.0,13796.0,15678.0,9131.0,10042.0,14638.0,15633.0,8181.0,11864.5,17332.0,12812.0,13732.0,8655.0,9904.0,13526.0,11953.0,10380.0,8926.5,14496.0,13131.0,11692.0,18235.0,7792.0,16103.0,7858.0,11391.0,14048.0,19003.0,18425.0,14080.0,16217.0,14285.0,12185.0,13197.0,14850.0,9033.0,
19780.0,16952.0,9715.0,19667.0,13367.0,16881.0,7913.0,14139.0,12210.0,10288.0,8584.0,11230.0,15686.0,17525.0,7927.0,
14861.0,9289.0,9647.0,11885.0,18783.0,14603.0,9772.0,15664.0,17703.0,16742.0,11991.0,16791.0,16214.0,10367.0,18707.0,19071.0,8600.0,10827.0,10743.0,7988.0,7781.0,16344.0,19920.0,15106.0,12631.0,19202.0,10560.0,14449.0,
10143.0,9932.0,12091.0,18167.0,12021.0,18690.0,17940.0,8412.0,19096.0,8348.5,12892.0,8581.0,11967.0,9620.0,8312.0,13483.0,10160.0,13869.0,9340.0,9463.0,13282.0,13477.0,9118.0,11534.0,8407.0,18375.0,16922.0,16017.0,14629.0,12787.0,16466.0,18734.0,11568.0,10880.0,10174.0,8970.0,14778.0,
13041.0,14467.0,11509.0,18603.0,8599.0,19456.0,13595.0,15660.0,15205.0,13606.0,15372.0,14566.0,9678.0,16204.0,11571.0,10914.0,9862.0,13225.0,14216.0,7947.0,12330.0,13518.0,13601.0,19520.0,17484.0,18600.0,11479.0,12463.0,19783.0,19366.0,17047.0,8990.0,17628.0,10169.0,10678.0,18537.0,10035.0,11130.0,
9903.0,11181.0,13111.0,12540.0,17137.0,19005.0,17720.0,7816.0,13904.0,16675.0,16788.0,18116.0,12941.0,16709.0,10401.0,13814.0,10513.0,8936.0,19119.0,15311.0,9689.0,18933.0,19527.0,17870.0,16078.0,19538.0,17074.0,17558.0,15454.0,9690.0,11515.0,19141.0,12884.0,16434.5,19985.0,17213.0,16438.0,
15917.0,8503.0,11013.0,18419.0,17925.0,19176.0,14838.0,13599.0,8423.0,8172.5,7922.0,16859.0,14575.0,10804.0,17256.0,14051.0,19580.0,14191.0,15752.0,12537.0,8493.0,17491.0,11226.0,19543.0,11829.0,9599.0,9154.0,10387.0,11959.0,18424.0,
11171.0,10272.0,18647.0,13101.0,9461.0,16206.0,9593.0,8098.0,10948.0,16331.0,10294.0,11575.0,14915.0,15166.0,13870.0,15134.0,16398.0,17333.0,13814.0,13530.0,17357.0,10026.0,19691.0,11951.0,
12507.0,15211.0,15531.0,17118.0,18041.0,9262.0,19930.0,15377.0,10824.0,9669.0,9929.0,18957.0,8792.0,11983.0,10558.0,9450.0,10934.0,14922.0,12290.0,13402.0,14139.0,17249.0,11767.0,19169.0,14394.0,15477.0,19332.0,16023.0,15225.0,11972.0,8463.0,11413.0,7826.0,17940.0,10423.5,10665.0,14848.0,13040.0,17236.0,
9117.0,17022.0,14622.0,7762.0,14373.0,8134.0,11680.0,14569.0,19040.0,13412.0,18964.0,8264.0,19677.0,8578.0,14244.0,8623.0,9052.0,9481.0,18920.0,18809.0,12278.0,12039.5,11801.0,19768.0,8389.0,14050.0,8541.0,16537.0,
15610.0,17109.0,8919.0,9892.0,18838.0,11629.0,9964.0,11367.0,9830.0,13229.0,15550.0,16570.0,18549.0,15563.0,18225.0,11546.0,
9095.0,17827.0,12422.0,11903.0,8016.0,8707.0,8168.0,13769.0,9562.5,18254.0,11552.0,
13259.0,9924.0,16463.0,19854.0,10369.0,17482.0,12303.0,13164.0,12554.0,15109.0,12648.0,10065.0,9785.0,10072.0,19526.0,11386.0,13934.0,19379.0,15990.0,15366.0,9598.0,11018.0,
14967.0,14980.0,16357.0,8086.0,19881.0,13370.0,9299.0,18775.0,13535.5,8296.0,9542.0,17629.0,11561.0,11748.5,11936.0,16436.0,11644.0,16944.0,12269.0,16219.0,12589.0,8959.0,16480.0,8361.0,16386.0,10778.0,8882.0,18522.0,19017.0,15231.0,10789.0,16960.0,9272.0,16063.0,8076.0,16373.0,15975.0,18572.0,12549.0,
17157.0,12160.0,15254.0,13708.0,8046.0,10244.0,13911.0,10124.0,11382.0,16726.0,10640.0,19877.0,10128.0,14424.0,9483.0,7821.0,14885.0,18492.0,8951.0,13562.0,13551.0,16948.0,18428.0,12731.0,13779.0,17652.0,16192.0,8159.0,
13357.0,11170.0,11144.0,11890.0,16286.0,14817.0,11998.0,9179.0,10626.0,9678.0,14496.0,19251.0,12589.0,7825.0,18363.0,18284.0,15237.0,8827.0,
16313.0,8684.0,13023.0,14613.0,10741.0,7879.0,8325.0,12557.0,9569.0,18370.0,10108.0,14498.0,16868.0,13218.0,12965.0,13192.0,11770.0,8644.0,12209.0,17957.0,
16087.0,19432.0,10498.0,11622.0,13789.0,11967.0,15765.0,15256.0,15420.5,15585.0,8779.0,7881.0,11004.5,14128.0,11492.5,8857.0,8421.0,7985.0,10973.0,13337.0,9917.0,19031.0,19148.0,19804.0,8089.0,11008.0,13497.0,16724.0,17269.0,14890.0,14609.0,13152.0,17044.0,15566.0,9928.0,8899.0,12398.0,18264.0,14294.0,19396.0,14228.0,11307.0,8386.0,8480.0,18506.0,17145.0,17775.0,
10967.0,17447.0,7758.0,17351.0,18377.0,19646.0,17972.0,8507.0,18248.0,14690.0,11132.0,19197.0,7873.0,18041.0,14667.0,11570.0,8955.0,8899.0,11652.0,11839.0,18318.0,16438.0,8875.0,12515.0,17830.0,12568.0,7955.0,17041.0,9985.0,10899.0,17002.0,14639.0,8721.0,17963.0,11936.0,
9659.0,16942.0,16077.0,14948.0,15195.0,15234.0,13634.0,15692.0,16506.0,10270.0,10403.0,11816.0,14314.0,17373.0,9054.0,12410.0,15766.0,9896.0,13688.0,18664.0,12168.0,
19194.0,12290.0,11112.0,13100.0,8354.0,15708.0,19821.0,18549.0,7804.0,15579.0,19827.0,13581.0,11550.0,17406.0,15657.0,16595.5,17534.0,13423.0,14048.0,19614.0,7777.0,15074.0,14355.0,10691.0,8836.0,13322.0,10827.0,15232.0,8315.0,15213.0,15302.0,15829.0,17079.0,13406.0,
