-6985393110
-2307763664
-7945728735
-876771179
16979484984
-9015315264
-1991624029
2964275833
125628284
13295720330
5313498242
-5336950777
2710313913
-8769966607
5732933576
-15199569140
-7528675841
5386699733
-13429110612
-114038289
-1295138415
1684158213
4960022924
2584558532
424147273
-1639933083
-7095387751
-2344934951
5965856769
-5366028554
7538049253
-12277468296
5149179002
10943400151
-10125281487
-853045716
9238175119
4354089775
8406722539
4672630116
414655455
1360238296
-3947266100
-6691037903
-3919501970
-12405134220
-9012890216
4850718248
9482813658
6648831019
-9395022952
-18060622969
10362385114
606818775
-1340913497
15501660211
-2108411202
4042238193
-4382569912
-5602769926
4513525020
-12983015322
-2016179826
7041634442
5814116067
-11735204657
4231782033
-2454230274
5528639270
8040858586
-2489229933
6939340153
-7580503999
-5886588583
-9251361764
-1314163396
-1724062603
-8389530685
-5584373255
8236481549
-10808470077
17079772287
-1088927260
-28227916251
12864323363
11329404580
-642928803
679835978
4007414098
-16280809102
